Koniec tablicy
czasy dodawania:
0.382909
0.363249
0.357649
0.360683
0.358785
0.350597
0.344154
0.359367
0.37846
0.357793
czasy usuwania:
0.367807
0.356969
0.360771
0.355948
0.357183
0.342174
0.36032
0.356243
0.357491
0.356751
czasy szukania:
0.00156794
0.00158287
0.00156281
0.00155955
0.00156981
0.0015003
0.00158147
0.0015838
0.00156235
0.00156981
Poczatek tablicy
czasy dodawania:
0.356876
0.359838
0.359029
0.357817
0.371188
0.356349
0.342694
0.293151
0.260585
0.244136
czasy usuwania:
0.355089
0.368303
0.35525
0.367252
0.359384
0.3579
0.330782
0.284442
0.249831
0.223388
czasy szukania:
0.00156794
0.00158287
0.00156281
0.00155955
0.00156981
0.0015003
0.00158147
0.0015838
0.00156235
0.00156981
Srodek tablicy
czasy dodawania:
9.33022e-07
9.33022e-07
9.33022e-07
9.33022e-07
1.39953e-06
9.33022e-07
9.33022e-07
1.86604e-06
1.86604e-06
9.33022e-07
czasy usuwania:
4.66511e-07
4.66511e-07
0
4.66511e-07
0
0
4.66511e-07
4.66511e-07
4.66511e-07
4.66511e-07
czasy szukania:
0.00156794
0.00158287
0.00156281
0.00155955
0.00156981
0.0015003
0.00158147
0.0015838
0.00156235
0.00156981
Koniec Listy
czasy dodawania:
0.00262273
0.00165845
0.00169297
0.00401526
0.00403439
0.00400593
0.00368824
0.00367424
0.00292269
0.00416874
czasy usuwania:
0.000635855
0.000698834
0.00149237
0.00148817
0.00148677
0.00138974
0.0013972
0.00103845
0.0014863
0.00147511
czasy szukania:
1.74735
1.46515
3.23514
3.55915
3.60064
3.56663
3.61379
3.36112
3.54945
3.62542
Poczatek listy
czasy dodawania:
0.00409457
0.00415148
0.00399147
0.00419627
0.00410856
0.00416921
0.00416361
0.00418554
0.00417901
0.0047029
czasy usuwania:
0.00151196
0.0014905
0.0015031
0.00150403
0.00146158
0.00176948
0.00148351
0.00150123
0.00138181
0.0014098
czasy szukania:
1.74735
1.46515
3.23514
3.55915
3.60064
3.56663
3.61379
3.36112
3.54945
3.62542
Kopiec
czasy dodawania:
0.114559
0.111062
0.112251
0.122721
0.110933
0.108992
0.108686
0.109945
0.109105
0.108936
czasy usuwania:
0.1116
0.109784
0.111061
0.115699
0.110893
0.110019
0.11032
0.111975
0.110701
0.112015
czasy szukania:
0.00159267
0.00157401
0.00158241
0.00156981
0.00157261
0.00158241
0.00156888
0.00155768
0.00156421
0.00156981
