Koniec tablicy
czasy dodawania:
0.00517081
0.0053089
0.00552816
0.00496274
0.00623725
0.00561353
0.00637487
0.00496321
0.00494222
0.00493242
czasy usuwania:
0.0047836
0.00492542
0.00486711
0.00461006
0.00468704
0.00507471
0.00532476
0.00458394
0.00458067
0.00561306
czasy szukania:
0.000158147
0.000158614
0.000156748
0.000154415
0.000158147
0.000156748
0.000204798
0.000154415
0.000157681
0.000163279
Poczatek tablicy
czasy dodawania:
0.00486851
0.00479247
0.00504345
0.00494642
0.00475468
0.00495995
0.00496741
0.00484752
0.00497581
0.00486898
czasy usuwania:
0.00475655
0.0045023
0.00453449
0.00464272
0.0045051
0.00459747
0.00453169
0.00467911
0.00460913
0.00452049
czasy szukania:
0.000158147
0.000158614
0.000156748
0.000154415
0.000158147
0.000156748
0.000204798
0.000154415
0.000157681
0.000163279
Srodek tablicy
czasy dodawania:
1.39953e-06
4.1986e-06
1.86604e-06
3.73209e-06
4.1986e-06
3.73209e-06
3.73209e-06
6.53115e-06
5.59813e-06
5.13162e-06
czasy usuwania:
9.33022e-07
9.33022e-07
4.66511e-07
4.66511e-07
9.33022e-07
4.66511e-07
4.66511e-07
9.33022e-07
1.39953e-06
9.33022e-07
czasy szukania:
0.000158147
0.000158614
0.000156748
0.000154415
0.000158147
0.000156748
0.000204798
0.000154415
0.000157681
0.000163279
Koniec Listy
czasy dodawania:
0.000444119
0.000400733
0.000398867
0.000398867
0.000668977
0.000403066
0.000401199
0.000400266
0.00041846
0.000764612
czasy usuwania:
0.000148351
0.000146018
0.000146951
0.000145551
0.000144618
0.000147417
0.000153016
0.000146018
0.000143685
0.000145085
czasy szukania:
0.0459947
0.0455371
0.0454074
0.045231
0.0459247
0.0459462
0.0453817
0.0455161
0.0458557
0.0457736
Poczatek listy
czasy dodawania:
0.000402133
0.000402133
0.000405398
0.000417061
0.000414262
0.000421726
0.000416128
0.000416128
0.00040913
0.000405865
czasy usuwania:
0.000157214
0.00014042
0.000141353
0.000149284
0.000141353
0.000143685
0.000143685
0.000143219
0.000141819
0.000145551
czasy szukania:
0.0459947
0.0455371
0.0454074
0.045231
0.0459247
0.0459462
0.0453817
0.0455161
0.0458557
0.0457736
Kopiec
czasy dodawania:
0.0021856
0.00280513
0.0022929
0.00214782
0.00228404
0.00222432
0.00224345
0.00232556
0.00224019
0.00253735
czasy usuwania:
0.00213149
0.00217954
0.00206711
0.00273189
0.00217907
0.00234375
0.00220053
0.00219727
0.00218887
0.00217161
czasy szukania:
0.000160946
0.000156748
0.000155815
0.000156748
0.000156748
0.000157214
0.000158147
0.000154415
0.000156748
0.000166544
