Koniec tablicy
czasy dodawania:
0.0265118
0.0253269
0.0253712
0.0250279
0.026265
0.0267348
0.0255461
0.0265048
0.0274047
0.0256763
czasy usuwania:
0.0248921
0.0247783
0.0245259
0.0244886
0.0255461
0.024886
0.0246271
0.0247274
0.0250614
0.02465
czasy szukania:
0.000481906
0.000385338
0.000396068
0.000391869
0.000392336
0.000391869
0.000385805
0.000402599
0.00052949
0.000392802
Poczatek tablicy
czasy dodawania:
0.0251874
0.0252303
0.0258764
0.0249448
0.0252536
0.0250544
0.0249989
0.0256866
0.0252173
0.0250932
czasy usuwania:
0.0244886
0.0245539
0.0249677
0.0243948
0.0244069
0.0246971
0.0254986
0.0245459
0.0245343
0.0244498
czasy szukania:
0.000481906
0.000385338
0.000396068
0.000391869
0.000392336
0.000391869
0.000385805
0.000402599
0.00052949
0.000392802
Srodek tablicy
czasy dodawania:
9.33022e-07
3.26558e-06
2.33256e-06
1.86604e-06
2.79907e-06
1.86604e-06
2.33256e-06
2.33256e-06
4.66511e-06
4.1986e-06
czasy usuwania:
4.66511e-07
9.33022e-07
4.66511e-07
4.66511e-07
9.33022e-07
4.66511e-07
4.66511e-07
4.66511e-07
4.66511e-07
9.33022e-07
czasy szukania:
0.000481906
0.000385338
0.000396068
0.000391869
0.000392336
0.000391869
0.000385805
0.000402599
0.00052949
0.000392802
Koniec Listy
czasy dodawania:
0.00103845
0.00100626
0.000985271
0.000976874
0.000977341
0.000968943
0.000982006
0.000964745
0.000985271
0.000964745
czasy usuwania:
0.000350816
0.000347551
0.00035035
0.00035035
0.00035035
0.000352682
0.000356414
0.000351749
0.000355948
0.000346151
czasy szukania:
0.272239
0.270717
0.267753
0.270055
0.267571
0.270038
0.27077
0.269461
0.270359
0.269097
Poczatek listy
czasy dodawania:
0.000991802
0.000980606
0.000978274
0.000991802
0.00101419
0.00117701
0.00101793
0.000989003
0.00100207
0.000992269
czasy usuwania:
0.000341953
0.000338221
0.00033962
0.000341953
0.000342419
0.000347551
0.000348484
0.00034102
0.000341486
0.000344285
czasy szukania:
0.272239
0.270717
0.267753
0.270055
0.267571
0.270038
0.27077
0.269461
0.270359
0.269097
Kopiec
czasy dodawania:
0.00911796
0.00893788
0.00880353
0.00894675
0.0099017
0.00963858
0.00900833
0.00946364
0.00918793
0.00917021
czasy usuwania:
0.00893928
0.00929943
0.00931063
0.00941886
0.00954482
0.00928823
0.00957794
0.00945898
0.00922246
0.00914968
czasy szukania:
0.000389537
0.000391869
0.000395135
0.000390936
0.000392336
0.0003984
0.000392336
0.000403999
0.000397934
0.000428724
