Koniec tablicy
czasy dodawania:
0.0945837
0.0955219
0.0950987
0.0951286
0.0990454
0.0946821
0.0937393
0.0935518
0.094802
0.096356
czasy usuwania:
0.0927027
0.0929113
0.0932476
0.0942315
0.0933265
0.0951379
0.0947031
0.0934599
0.0923459
0.0923706
czasy szukania:
0.000823392
0.000784205
0.000784672
0.000786071
0.000785605
0.000785605
0.000794935
0.000785138
0.000786538
0.000784672
Poczatek tablicy
czasy dodawania:
0.0980102
0.0968244
0.0944237
0.0937874
0.0936885
0.0936591
0.0957444
0.0960859
0.0949355
0.0961922
czasy usuwania:
0.0922796
0.0925413
0.0944251
0.0950652
0.0935247
0.093062
0.0928707
0.0926486
0.0922796
0.092309
czasy szukania:
0.000823392
0.000784205
0.000784672
0.000786071
0.000785605
0.000785605
0.000794935
0.000785138
0.000786538
0.000784672
Srodek tablicy
czasy dodawania:
9.33022e-07
1.39953e-06
1.39953e-06
1.39953e-06
4.66511e-06
4.66511e-06
3.26558e-06
1.86604e-06
1.86604e-06
2.33256e-06
czasy usuwania:
4.66511e-07
4.66511e-07
4.66511e-07
4.66511e-07
4.66511e-07
9.33022e-07
4.66511e-07
4.66511e-07
4.66511e-07
4.66511e-07
czasy szukania:
0.000823392
0.000784205
0.000784672
0.000786071
0.000785605
0.000785605
0.000794935
0.000785138
0.000786538
0.000784672
Koniec Listy
czasy dodawania:
0.0020032
0.00194535
0.00194302
0.00175548
0.00151336
0.00191036
0.00190476
0.00197894
0.00192203
0.00196494
czasy usuwania:
0.000686238
0.000680173
0.000645651
0.000562146
0.000677374
0.000685305
0.000776274
0.000689503
0.000683905
0.000683905
czasy szukania:
1.01931
1.03432
0.993109
0.867589
0.85492
1.02276
1.02938
1.0426
1.02236
1.03571
Poczatek listy
czasy dodawania:
0.00196308
0.00195282
0.00193695
0.00199993
0.00195421
0.00196634
0.00193462
0.00194722
0.00195515
0.00193415
czasy usuwania:
0.000689503
0.000675508
0.0006993
0.000769277
0.000677841
0.000707697
0.000672709
0.000702566
0.000740353
0.00066991
czasy szukania:
1.01931
1.03432
0.993109
0.867589
0.85492
1.02276
1.02938
1.0426
1.02236
1.03571
Kopiec
czasy dodawania:
0.0309171
0.0311807
0.0300792
0.0299752
0.0298282
0.0315613
0.0309176
0.0297494
0.0313598
0.0300354
czasy usuwania:
0.0309586
0.0303335
0.0304226
0.0304804
0.0310151
0.0313332
0.0309241
0.03027
0.0306628
0.0305173
czasy szukania:
0.000789337
0.000811263
0.000779073
0.000785138
0.000785605
0.00124465
0.000784672
0.000784672
0.000786071
0.000785138
