Koniec tablicy
czasy dodawania:
0.00247064
0.00221406
0.0017135
0.0020046
0.00167198
0.00162532
0.0017051
0.00158334
0.00166311
0.00162579
czasy usuwania:
0.00224858
0.0020909
0.00162206
0.00147931
0.00152083
0.00147604
0.00176201
0.00148117
0.00148071
0.00149377
czasy szukania:
0.000122226
7.83739e-05
7.83739e-05
7.88404e-05
7.74408e-05
7.88404e-05
0.000130623
7.83739e-05
7.88404e-05
7.83739e-05
Poczatek tablicy
czasy dodawania:
0.00163839
0.00166591
0.00173402
0.00165751
0.00163699
0.00183012
0.00167617
0.00165192
0.00159733
0.00167384
czasy usuwania:
0.0014989
0.00146811
0.00155955
0.00147604
0.00151243
0.00148257
0.00153389
0.00149517
0.00147464
0.00147744
czasy szukania:
0.000122226
7.83739e-05
7.83739e-05
7.88404e-05
7.74408e-05
7.88404e-05
0.000130623
7.83739e-05
7.88404e-05
7.83739e-05
Srodek tablicy
czasy dodawania:
1.39953e-06
1.39953e-06
9.33022e-07
9.33022e-07
4.1986e-06
3.73209e-06
3.73209e-06
1.86604e-06
1.86604e-06
6.53115e-06
czasy usuwania:
9.33022e-07
0
4.66511e-07
4.66511e-07
4.66511e-07
9.33022e-07
9.33022e-07
4.66511e-07
4.66511e-07
4.66511e-07
czasy szukania:
0.000122226
7.83739e-05
7.83739e-05
7.88404e-05
7.74408e-05
7.88404e-05
0.000130623
7.83739e-05
7.88404e-05
7.83739e-05
Koniec Listy
czasy dodawania:
0.000219727
0.00033029
0.000232322
0.000213196
0.000215995
0.000217861
0.000283639
0.000386738
0.000215062
0.000214129
czasy usuwania:
7.65078e-05
7.97734e-05
8.21059e-05
8.35055e-05
8.11729e-05
0.000107298
9.14362e-05
0.000144152
8.3039e-05
7.97734e-05
czasy szukania:
0.00987511
0.00998753
0.009981
0.0100384
0.0102115
0.0104876
0.0104242
0.0117127
0.0100197
0.0100547
Poczatek listy
czasy dodawania:
0.000228124
0.000261246
0.000241653
0.000272909
0.000225791
0.000215062
0.000296235
0.00022066
0.000216461
0.000223925
czasy usuwania:
7.37087e-05
7.83739e-05
7.83739e-05
0.000107298
7.79073e-05
7.55748e-05
9.37687e-05
8.16394e-05
9.61013e-05
7.55748e-05
czasy szukania:
0.00987511
0.00998753
0.009981
0.0100384
0.0102115
0.0104876
0.0104242
0.0117127
0.0100197
0.0100547
Kopiec
czasy dodawania:
0.00129643
0.00116348
0.00108324
0.00114062
0.00223319
0.00110656
0.00108044
0.00108324
0.00171116
0.00159593
czasy usuwania:
0.000996934
0.00115088
0.000958214
0.00101419
0.0010963
0.00107344
0.00114295
0.000995068
0.00162532
0.00158101
czasy szukania:
7.88404e-05
7.79073e-05
8.07064e-05
9.05031e-05
0.000116161
7.79073e-05
7.83739e-05
7.83739e-05
0.000148351
0.000139487
